iter	accept?	e	prior	jcoup_e	shift_e	p_as	iter_time
0	-	-175.215503	-0.005485	-48.372819	-39.172226s	0.887379	2.204632
1	+	-174.181979	-0.005419	-48.394065	-39.177057s	1.000000	2.092012
2	+	-173.737603	-0.005392	-48.391747	-39.165678s	1.000000	2.126217
3	+	-172.347548	-0.005303	-48.400857	-39.177804s	1.000000	1.998000
4	+	-171.944791	-0.005279	-48.392539	-39.175322s	1.000000	2.004238
5	+	-170.320064	-0.005179	-48.353489	-39.176135s	1.000000	2.073623
6	-	-170.898708	-0.005215	-48.369134	-39.178567s	0.560658	2.171897
7	-	-171.685919	-0.005264	-48.365585	-39.179381s	0.255162	2.108924
8	+	-168.749830	-0.005083	-48.325316	-39.177708s	1.000000	2.070209
9	+	-167.799256	-0.005024	-48.316821	-39.183050s	1.000000	2.154999
10	+	-167.832029	-0.005026	-48.307657	-39.179551s	0.967758	2.205015
11	+	-165.617338	-0.004885	-48.340556	-39.187248s	1.000000	2.044006
12	+	-165.253060	-0.004862	-48.348640	-39.184913s	1.000000	2.046626
13	-	-166.626459	-0.004948	-48.343060	-39.196655s	0.253245	2.046728
14	+	-165.234798	-0.004862	-48.335397	-39.190992s	1.000000	2.044568
15	+	-166.927756	-0.004968	-48.341613	-39.179725s	0.183975	2.058991
16	-	-168.460348	-0.005064	-48.331732	-39.182871s	0.215975	2.038657
17	+	-166.971514	-0.004970	-48.341158	-39.190145s	0.957186	2.050764
18	+	-166.634471	-0.004947	-48.375440	-39.184013s	1.000000	2.138427
19	+	-166.275730	-0.004926	-48.360725	-39.177954s	1.000000	2.045276
20	+	-167.287559	-0.004987	-48.382788	-39.186618s	0.363553	2.054814
21	+	-166.969617	-0.004967	-48.378795	-39.193353s	1.000000	2.051937
22	+	-166.313360	-0.004927	-48.365313	-39.188906s	1.000000	2.061242
23	+	-164.666415	-0.004823	-48.381285	-39.197928s	1.000000	2.046584
24	+	-163.611710	-0.004758	-48.358136	-39.204356s	1.000000	2.060291
25	+	-162.933300	-0.004715	-48.365698	-39.196484s	1.000000	2.050876
26	+	-161.404340	-0.004621	-48.348206	-39.192155s	1.000000	2.051782
27	+	-161.958524	-0.004656	-48.351747	-39.187619s	0.574540	2.045319
28	+	-160.639321	-0.004570	-48.398554	-39.189909s	1.000000	3.622000
29	+	-159.883185	-0.004521	-48.433359	-39.189496s	1.000000	2.056642
30	+	-160.865530	-0.004581	-48.453706	-39.180492s	0.374432	2.047232
31	+	-160.965361	-0.004589	-48.447734	-39.170331s	0.904990	2.052447
32	+	-160.887316	-0.004583	-48.463527	-39.167477s	1.000000	2.046245
33	+	-157.133804	-0.004350	-48.440633	-39.166342s	1.000000	2.051880
34	-	-157.600451	-0.004379	-48.449564	-39.163396s	0.627101	2.048833
35	+	-156.952002	-0.004340	-48.421150	-39.158772s	1.000000	2.049238
36	+	-157.048766	-0.004347	-48.398408	-39.163415s	0.907770	2.042534
37	+	-157.362058	-0.004370	-48.361073	-39.157066s	0.731036	2.047021
38	+	-157.197127	-0.004359	-48.371439	-39.155113s	1.000000	2.055702
39	+	-157.673480	-0.004391	-48.339332	-39.154685s	0.621044	2.048423
40	+	-157.296835	-0.004367	-48.323466	-39.162530s	1.000000	2.052286
41	+	-158.070087	-0.004414	-48.341297	-39.168201s	0.461510	2.044915
42	+	-158.387461	-0.004434	-48.341068	-39.171124s	0.728058	2.053778
43	+	-157.597169	-0.004385	-48.332279	-39.168132s	1.000000	2.140720
44	+	-157.668600	-0.004391	-48.308750	-39.167186s	0.931061	2.048562
45	+	-157.938437	-0.004407	-48.323390	-39.170276s	0.763503	2.046742
46	-	-158.834893	-0.004465	-48.302340	-39.163758s	0.408013	2.058732
47	+	-156.395690	-0.004311	-48.315217	-39.174185s	1.000000	2.051171
48	+	-156.382277	-0.004311	-48.301178	-39.175633s	1.000000	2.046672
49	+	-156.879952	-0.004342	-48.301936	-39.177063s	0.607942	2.046454
50	+	-156.631922	-0.004328	-48.275897	-39.180094s	1.000000	2.050265
51	+	-156.910838	-0.004345	-48.272700	-39.185717s	0.756603	2.052912
52	+	-156.494990	-0.004319	-48.283880	-39.181849s	1.000000	2.046871
53	-	-157.355709	-0.004373	-48.272663	-39.186758s	0.422858	2.062957
54	+	-156.623390	-0.004326	-48.298072	-39.170727s	0.879501	2.062061
55	+	-156.306335	-0.004306	-48.314963	-39.169143s	1.000000	2.060631
56	-	-156.545284	-0.004320	-48.329956	-39.158357s	0.787454	2.054904
57	+	-156.865438	-0.004338	-48.357785	-39.171830s	0.571721	2.148462
58	+	-157.287645	-0.004363	-48.381368	-39.173383s	0.655598	2.168008
59	-	-157.849413	-0.004395	-48.419382	-39.178327s	0.570200	2.055565
60	+	-156.286838	-0.004301	-48.367437	-39.177896s	1.000000	2.048206
61	+	-156.500258	-0.004312	-48.397876	-39.181065s	0.807817	2.059759
62	-	-157.005198	-0.004343	-48.409485	-39.172946s	0.603541	2.052451
63	-	-157.264208	-0.004359	-48.397509	-39.184202s	0.465822	2.056453
64	+	-157.140263	-0.004351	-48.414334	-39.179903s	0.527289	2.053202
65	-	-158.132664	-0.004411	-48.448719	-39.176877s	0.370685	2.155389
66	+	-155.708820	-0.004262	-48.403878	-39.184484s	1.000000	2.058075
67	-	-156.630702	-0.004318	-48.422116	-39.188764s	0.397769	2.049748
68	+	-150.565637	-0.003941	-48.391609	-39.177431s	1.000000	2.066447
69	+	-149.556992	-0.003878	-48.390512	-39.182036s	1.000000	2.054647
70	+	-149.487023	-0.003872	-48.403554	-39.184996s	1.000000	2.047617
71	-	-151.427097	-0.003996	-48.377585	-39.184339s	0.143693	2.062230
72	-	-150.011036	-0.003903	-48.428249	-39.191676s	0.592139	2.038066
73	-	-150.853385	-0.003958	-48.390887	-39.188794s	0.255032	2.063172
74	-	-150.136568	-0.003913	-48.408535	-39.185683s	0.522283	2.053460
75	-	-150.251947	-0.003921	-48.381311	-39.188731s	0.465369	2.044597
76	+	-146.624639	-0.003692	-48.427588	-39.181684s	1.000000	2.052188
77	+	-146.712250	-0.003698	-48.422188	-39.173107s	0.916117	2.046666
78	+	-146.428065	-0.003681	-48.428322	-39.168795s	1.000000	2.125081
79	+	-147.058148	-0.003720	-48.431771	-39.157627s	0.532547	2.049320
80	+	-142.254097	-0.003419	-48.447858	-39.156067s	1.000000	2.049542
81	+	-143.131992	-0.003473	-48.469089	-39.153082s	0.415656	2.120982
82	+	-142.844438	-0.003454	-48.475526	-39.156983s	1.000000	2.065183
83	+	-143.392710	-0.003488	-48.482734	-39.149101s	0.577947	2.054886
84	+	-143.223618	-0.003479	-48.466604	-39.148937s	1.000000	2.057092
85	+	-143.620512	-0.003505	-48.453056	-39.144170s	0.672405	2.050262
86	+	-143.897261	-0.003522	-48.451378	-39.144879s	0.758244	2.129376
87	+	-143.855701	-0.003519	-48.464302	-39.145485s	1.000000	2.052896
88	+	-143.989985	-0.003526	-48.467691	-39.156514s	0.874342	2.045699
89	+	-144.046054	-0.003529	-48.476011	-39.163318s	0.945474	2.051783
90	+	-143.059359	-0.003467	-48.473302	-39.166402s	1.000000	2.047789
91	+	-143.700502	-0.003508	-48.455321	-39.170812s	0.526689	2.052621
92	+	-143.582967	-0.003500	-48.471429	-39.161709s	1.000000	2.052395
93	+	-144.504050	-0.003559	-48.452085	-39.168485s	0.398086	2.042003
94	-	-148.761903	-0.003827	-48.424842	-39.165102s	0.014152	2.057543
95	+	-143.985316	-0.003527	-48.446591	-39.158195s	1.000000	2.042745
96	+	-143.735542	-0.003513	-48.421757	-39.153432s	1.000000	2.041556
97	+	-141.519185	-0.003374	-48.432982	-39.147548s	1.000000	2.054628
98	+	-140.695953	-0.003323	-48.430714	-39.148051s	1.000000	2.051620
99	+	-139.797670	-0.003266	-48.445340	-39.150221s	1.000000	2.145494
100	+	-139.504299	-0.003249	-48.420017	-39.151992s	1.000000	2.201510
101	+	-140.974007	-0.003341	-48.403918	-39.159865s	0.229991	2.309198
102	+	-140.712805	-0.003324	-48.418125	-39.155300s	1.000000	2.103790
103	+	-140.701626	-0.003323	-48.428259	-39.155020s	1.000000	2.086144
104	+	-141.017478	-0.003342	-48.450909	-39.154482s	0.729166	2.095780
105	-	-141.943559	-0.003401	-48.433428	-39.151776s	0.396102	2.068513
106	+	-141.225265	-0.003354	-48.452436	-39.155265s	0.812380	2.250587
107	-	-142.994657	-0.003465	-48.463191	-39.150582s	0.170435	2.147236
108	+	-140.845991	-0.003329	-48.471288	-39.155917s	1.000000	2.221007
109	-	-141.841060	-0.003390	-48.505384	-39.149263s	0.369696	2.168122
110	+	-141.124912	-0.003348	-48.463242	-39.149037s	0.756598	2.170163
111	-	-141.277801	-0.003358	-48.454365	-39.143501s	0.858225	2.115381
112	+	-141.133617	-0.003349	-48.461279	-39.146997s	0.991333	2.140914
113	-	-142.936387	-0.003462	-48.454460	-39.137629s	0.164840	2.092948
114	+	-141.456017	-0.003368	-48.471723	-39.142827s	0.724407	2.146026
115	-	-142.588830	-0.003437	-48.497713	-39.151175s	0.322124	2.149746
116	+	-141.592825	-0.003377	-48.464151	-39.147155s	0.872137	2.127103
117	+	-141.578675	-0.003375	-48.477612	-39.148361s	1.000000	2.137445
118	+	-140.643304	-0.003319	-48.463249	-39.135795s	1.000000	2.122814
119	+	-140.912222	-0.003335	-48.465422	-39.131980s	0.764205	2.114871
120	+	-140.673277	-0.003322	-48.443176	-39.134883s	1.000000	2.123189
121	+	-139.899563	-0.003275	-48.413282	-39.138364s	1.000000	2.108740
122	+	-139.815781	-0.003271	-48.390537	-39.142775s	1.000000	2.143984
123	+	-139.529985	-0.003253	-48.396898	-39.137089s	1.000000	2.054837
124	+	-139.249982	-0.003235	-48.404007	-39.136624s	1.000000	2.042915
125	+	-140.920198	-0.003339	-48.418341	-39.127264s	0.188204	2.067240
126	+	-140.797895	-0.003330	-48.437406	-39.128423s	1.000000	2.101845
127	+	-140.083804	-0.003286	-48.431891	-39.126368s	1.000000	2.151234
128	+	-139.942316	-0.003278	-48.418523	-39.126166s	1.000000	2.207929
129	+	-139.162628	-0.003230	-48.407642	-39.130585s	1.000000	2.063561
130	+	-139.241218	-0.003235	-48.408047	-39.129258s	0.924419	2.052477
131	+	-139.995222	-0.003283	-48.408983	-39.113625s	0.470476	2.187980
132	-	-140.521304	-0.003317	-48.393273	-39.105961s	0.590914	2.160795
133	-	-140.914085	-0.003341	-48.393543	-39.116122s	0.398970	2.175771
134	+	-139.679572	-0.003262	-48.425520	-39.112334s	1.000000	2.060901
135	+	-139.548576	-0.003253	-48.439702	-39.111871s	1.000000	2.073098
136	+	-139.979829	-0.003280	-48.445934	-39.109490s	0.649692	2.122830
137	-	-140.864267	-0.003336	-48.443025	-39.102952s	0.412944	2.142081
138	+	-136.204253	-0.003046	-48.415226	-39.104655s	1.000000	2.046544
139	+	-136.180916	-0.003046	-48.384932	-39.103255s	1.000000	2.072660
140	-	-136.875926	-0.003091	-48.375494	-39.097638s	0.499067	2.135265
141	+	-135.981560	-0.003033	-48.389072	-39.104277s	1.000000	2.047812
142	+	-136.580107	-0.003070	-48.403280	-39.108364s	0.549607	2.168360
143	+	-137.284277	-0.003111	-48.449561	-39.106770s	0.494516	2.143022
